1.5281292072934727
0.4150463914364881
-0.2776896663864079
0.12988395790027363
-0.025476745094575908
-0.022638566648801792
0.03078585265727548
-0.02156550305139131
0.010205145917913282
-0.0026836626675105883
-0.0006609356267076975
0.0014161456803043829
-0.0010980053034770343
0.0005830345566489176
-0.00020769891405703414
0.000017233077009546488
0.00004601472416746952
-0.000047580946058216333
0.000030228536556563268
-0.000013758863929260595
3.7123083962628534e-6
6.718458979010355e-7
-1.7347705447007256e-6
1.4108732114236078e-6
-7.922918088265618e-7
3.1429423871104367e-7
-5.4909599252889185e-8
-4.328838197273366e-8
5.6946846863081824e-8
-4.017459905719667e-8
2.039988261301473e-8
-6.966561931498472e-9
3.608679362276934e-10
1.770042504928293e-9
-1.7711139881082527e-9
1.1270894009762777e-9
-5.208681957968864e-10
1.4428371691854736e-10
2.8368057902738997e-11
-7.751954980705911e-11
6.849909875428217e-11
-3.6414340293111636e-11
-4.711047524308398e-12
4.6724717844837116e-11
-7.640205482162266e-11
7.533883933374952e-11
-3.2255934034886025e-11
-4.094024425027598e-11
1.0701985825312121e-10
-1.308872697725061e-10