0.010775877184267696
-0.008246543307990519
0.002474907850691237
0.0028610988856768035
-0.005318168588707382
0.004899248683991961
-0.0030543006044871928
0.0012049278935149274
-0.00003511508136477204
-0.0004279036175088061
0.00044794661409551187
-0.0002957158312283536
0.0001363930066605291
-0.000032193240780892744
-0.000015196736016867467
0.00002596274593499988
-0.000020366684969529462
0.00001123796057746961
-4.189082421740394e-6
3.556330054964752e-7
1.039312013379271e-6
-1.1292977776606256e-6
7.571353253610816e-7
-3.659949214433279e-7
1.0813040298726132e-7
1.4307048162286413e-8
-4.9017501999706585e-8
4.286018262123813e-8
-2.5641658976336612e-8
1.096978886321992e-8
-2.3402749487583016e-9
-1.270201938081462e-9
1.9790149644569992e-9
-1.5011584982395336e-9
8.107811184779107e-10
-2.967949463531932e-10
2.1814558116636713e-11
7.823205625983102e-11
-8.495590125738693e-11
5.6672156022444616e-11
-2.4490396193625746e-11
1.872616061719694e-12
5.369592169643034e-12
5.829915325725014e-12
-3.4813884229831616e-11
7.306412196169719e-11
-1.0261916287506907e-10
1.0273971203610565e-10
-6.413509240826852e-11
9.998351597663017e-17