0.017843160880454925
-0.015999054239602534
0.01145987444786382
-0.006286340436378564
0.0021699798689102643
0.0002277218204458685
-0.0011165978815756014
0.001090234604183129
-0.0007103488804443654
0.0003253115412565749
-0.00007150199357126536
-0.00004611870909940273
0.00007388476234407452
-0.000060269163277888865
0.00003708463453776066
-0.000018808546538719765
8.662084901068444e-6
-4.825842384779427e-6
4.416395962354987e-6
-5.231471480378985e-6
6.093615065641118e-6
-6.593334552541328e-6
6.724210083337082e-6
-6.6152422010153075e-6
6.3932407263712035e-6
-6.138403526992927e-6
5.886736734023441e-6
-5.6469185404305104e-6
5.41571696986426e-6
-5.1873133401674855e-6
4.957252255631034e-6
-4.723216913196322e-6
4.484499922761346e-6
-4.2412482202057334e-6
3.99391082281969e-6
-3.742952661956499e-6
3.488757544040283e-6
-3.231626655391498e-6
2.9718079536960616e-6
-2.7095246461343232e-6
2.4449930502831486e-6
-2.1784307936888635e-6
1.91005934881811e-6
-1.64010441555062e-6
1.3687959046322676e-6
-1.0963676376060921e-6
8.230557426952054e-7
-5.490939464038812e-7
2.7470927951541757e-7
6.35271137020479e-17