-0.003689896440947805
0.0017266698178116928
0.0003103802346854979
-0.0012152344915091187
0.001143507913059151
-0.0007218487275449518
0.00031678117051666803
-0.00006172600377182222
-0.000049003563961764426
0.00006952235014221548
-0.00005158074072138169
0.00002705390231450483
-9.1895975762492e-6
7.008618949141734e-9
2.9908930958917695e-6
-2.8826310809831073e-6
1.806818712189883e-6
-8.102013460451036e-7
2.0150386281838664e-7
6.173917053126857e-8
-1.1918655109520024e-7
9.044945703037307e-8
-4.498417559410327e-8
1.0909365883611386e-8
7.034994176123337e-9
-1.3232496042008038e-8
1.3344667096603976e-8
-1.136905698901599e-8
9.321596295493425e-9
-7.86091929788684e-9
6.979984272752572e-9
-6.4658022609777294e-9
6.118484593449452e-9
-5.814972522708803e-9
5.5009609448435255e-9
-5.163340892555006e-9
4.806605321777303e-9
-4.439089978043675e-9
4.0672900401123296e-9
-3.6947698678390842e-9
3.3229280613673116e-9
-2.952095301667594e-9
2.5823712665124437e-9
-2.2140699779408913e-9
1.847757120693774e-9
-1.4838261042827717e-9
1.1214375157477977e-9
-7.571672186414466e-10
3.8412245556547844e-10
2.1504472464892177e-17