0.000013442833976497798
-2.331376189751361e-6
-3.5051289205503516e-6
3.4105700493301405e-6
-1.7842852998792547e-6
5.882765885917551e-7
-4.896623985665934e-8
-1.0154685434267261e-7
9.828597768066176e-8
-5.902671065005363e-8
2.596074943707757e-8
-7.157569447314528e-9
-7.043910215135448e-10
2.625936302242352e-9
-2.189860265983013e-9
1.2604338994845841e-9
-5.374806108649225e-10
1.3968120583369876e-10
1.959489472323728e-11
-5.2468396580253195e-11
3.711780758176885e-11
-1.3547834330484347e-11
-3.6925451761986514e-12
1.2653024879422384e-11
-1.5741383537463258e-11
1.577324981103518e-11
-1.4675976636375996e-11
1.3426277851355756e-11
-1.2370564362123769e-11
1.1543949694449161e-11
-1.0875731291105346e-11
1.0288393042925369e-11
-9.729799703506689e-12
9.173948194743141e-12
-8.611976624040344e-12
8.04337953860865e-12
-7.470373611878737e-12
6.8952302515047785e-12
-6.319452789786004e-12
5.743803248412292e-12
-5.1685927936056696e-12
4.593921914906544e-12
-4.019793892158835e-12
3.446123290588694e-12
-2.872687021662793e-12
2.2991739584799625e-12
-1.7255108374283556e-12
1.1522701853220831e-12
-5.793156783095685e-13
-7.517417406881916e-21