1.6498588363854352
0.31916272580794497
-0.24281663099137327
0.15483080215801073
-0.08142537108141326
0.032865613175971795
-0.007187570593111332
-0.002901764070615761
0.004780745239444998
-0.0035491316257708176
0.0018571419660234657
-0.0006608455862796604
0.00005895993094270219
0.0001415382454066222
-0.00014807289084322467
0.00009474135841287812
-0.00004369573200124072
0.000012487257971306037
1.1267418540857055e-6
-4.413712413518789e-6
3.404640657071051e-6
-1.5014092017602565e-6
4.978986130679819e-8
7.194950044121795e-7
-9.934089374927235e-7
1.0130029197905066e-6
-9.451587097315806e-7
8.72254461044969e-7
-8.20719468355019e-7
7.904524517120259e-7
-7.734901775781344e-7
7.624999500480123e-7
-7.530723172902154e-7
7.433131015872896e-7
-7.327839217259602e-7
7.216439328223967e-7
-7.101714581646268e-7
6.985770346149001e-7
-6.869728931963026e-7
6.754003452520696e-7
-6.63863996226699e-7
6.523549108093663e-7
-6.408615315540989e-7
6.293729510088719e-7
-6.178796127381814e-7
6.063749258163054e-7
-5.948597335304895e-7
5.833443845852659e-7
-5.719700010564654e-7
5.606283796401323e-7