0.28369799631187886
-0.20001283371249545
0.07354723999498175
-0.013885391878921453
-0.006167291212941632
0.008267226089087625
-0.005500995192996164
0.0026127350396768904
-0.000820298110451664
0.000014317577076259578
0.00021234117742739123
-0.00019268605086088207
0.0001126948269211581
-0.000046847806806569396
0.000010320090184773145
3.946894877825399e-6
-6.476310539931057e-6
4.721490655304327e-6
-2.422044880268252e-6
8.439179223336097e-7
-7.17753574057748e-8
-1.7667143929760903e-7
1.8077203058236056e-7
-1.1308458628514921e-7
5.029529421780045e-8
-1.2619282709429076e-8
-3.583518781614673e-9
7.450093873978809e-9
-6.2645002644248624e-9
4.037241969695467e-9
-2.3251834499321934e-9
1.3895086481398206e-9
-1.0169163627692044e-9
9.35637267397564e-10
-9.58277019048527e-10
9.919316298023757e-10
-1.0058990075076568e-9
9.990696703075498e-10
-9.793637086763274e-10
9.543054864995319e-10
-9.283385547277554e-10
9.031135095212654e-10
-8.785972052276506e-10
8.541982732815675e-10
-8.298184415349982e-10
8.07017738268832e-10
-7.898426524633962e-10
7.843738179992175e-10
-7.88711911662281e-10
7.839194541035344e-10