0.023445021294305417
-0.01623138957978203
0.0057686066256195535
-0.0013308775612759578
-0.0001768086140290021
0.0005055497213294973
-0.0004371297589827828
0.000277268691911818
-0.00013712925560159663
0.0000465090709871084
-1.09443985527934e-6
-0.000014364281079548065
0.000014613401812068561
-9.673086867552784e-6
4.6863451133043e-6
-1.4069554001756526e-6
-1.6388026577831143e-7
6.197915953861975e-7
-5.485315645800889e-7
3.3007626487678715e-7
-1.4143839432619532e-7
2.988071504650342e-8
1.6758589920740784e-8
-2.5700605158729742e-8
1.9296057218326294e-8
-1.0276351670984562e-8
3.676673327653148e-9
-2.363554020528046e-10
-9.51435932695794e-10
9.920064697308776e-10
-6.532598426622299e-10
3.1692061585096425e-10
-1.0331883628076375e-10
6.15106707571722e-12
1.8688655203464893e-11
-1.1318507355213757e-11
-3.652759955299546e-12
1.4777688020857136e-11
-1.797221029824143e-11
1.2168045896494468e-11
2.0761192361000907e-12
-2.1228227012827586e-11
3.601735468800231e-11
-2.970863841400694e-11
-1.9219502549831085e-11
1.2735239128244105e-10
-2.9130082788975327e-10
4.769561316323453e-10
-6.274605230249222e-10
6.78700597008117e-10