-0.0013955040449210472
0.0008473939078616797
-0.00014354793823375775
-0.000028680583607548555
0.00003527849186588777
-0.00001735310383427262
5.748499948477433e-6
-1.051796294830256e-6
-2.657495693245678e-7
4.01804814541524e-7
-2.5934440928522685e-7
1.2120457787633468e-7
-4.076440346658381e-8
5.713314681359669e-9
4.876769911617595e-9
-5.507904644200358e-9
3.5023346557453274e-9
-1.638449177198575e-9
5.337462271280915e-10
-4.611269824065011e-11
-9.730091895674454e-11
9.716702083109064e-11
-5.954710955910985e-11
2.6192995983862365e-11
-6.500436172193926e-12
-2.130803307255878e-12
4.513385303996425e-12
-4.269260664791036e-12
3.3612834291167183e-12
-2.5772857213705724e-12
2.092584051526355e-12
-1.8482674392679183e-12
1.7413113514252269e-12
-1.693663139917624e-12
1.6625926633651639e-12
-1.630853181801083e-12
1.5946437628328008e-12
-1.5552905356818035e-12
1.5150281238429068e-12
-1.4754542526129494e-12
1.4373444103145308e-12
-1.4009671214333828e-12
1.366420159624499e-12
-1.3338387216066098e-12
1.3033449938940597e-12
-1.2746338332745732e-12
1.2466282932896695e-12
-1.219350543107684e-12
1.200275369791135e-12
-1.1822708206063567e-12